c = 0.1;
beta = 0.3;
gamma = 0.1;
nu = 0.05;
a = 0.02;
T = 500;
dt = 0.1;